Techniques=FFKeepUI@KeepUI_FFXIV.fx,Chromakey@Chromakey.fx,prod80_06_Depth_Slicer@PD80_06_Depth_Slicer.fx,StageDepth@StageDepth.fx,BilateralCS@BilateralCS.fx,BloomAndLensFlares@Bloom.fx,Colourfulness@Colourfulness.fx,FFRestoreUI@KeepUI_FFXIV.fx

[BilateralCS.fx]
Sharpen=1
Strength=1.000000
WeightExponent=30.000000

[Bloom.fx]
bAnamFlareEnable=1
bChapFlareEnable=0
bGodrayEnable=1
bLensdirtEnable=1
bLenzEnable=0
fAnamFlareAmount=12.963000
fAnamFlareColor=0.012000,0.313000,0.588000
fAnamFlareCurve=1.317000
fAnamFlareThreshold=1.000000
fAnamFlareWideness=2.500000
fBloomAmount=0.738000
fBloomSaturation=0.998000
fBloomThreshold=0.792000
fBloomTint=0.700000,0.800000,1.000000
fChapFlareCA=0.000000,0.010000,0.020000
fChapFlareDispersal=0.250000
fChapFlareIntensity=100.000000
fChapFlareSize=0.450000
fChapFlareTreshold=0.900000
fFlareBlur=200.000000
fFlareIntensity=2.070000
fFlareLuminance=0.095000
fFlareTint=0.137000,0.216000,1.000000
fGodrayDecay=0.990000
fGodrayDensity=1.000000
fGodrayExposure=1.000000
fGodrayThreshold=0.900000
fGodrayWeight=1.250000
fLensdirtIntensity=0.400000
fLensdirtSaturation=2.000000
fLensdirtTint=1.000000,1.000000,1.000000
fLenzIntensity=1.000000
fLenzThreshold=0.800000
iBloomMixmode=2
iChapFlareCount=15
iGodraySamples=128
iLensdirtMixmode=2

[Chromakey.fx]
AntiAliased=1
Color=1
CustomColor=1.000000,0.000000,0.000000
Floor=0
FloorAngle=1.000000
FOV=103
Pass=0
Precision=4
RadialX=0
RadialY=0
Threshold=0.500000

[Colourfulness.fx]
backbuffer_bits=8.000000
colourfulness=0.400000
col_noise=1
enable_dither=0
lim_luma=0.700000

[KeepUI_FFXIV.fx]
iOccludeToggle=0

[PD80_06_Depth_Slicer.fx]
blendmode_1=0
depthpos=0.000000
depth_far=0.307000
depth_near=0.000000
depth_smoothing=0.279000
hue=0.305000
intensity=0.000000
opacity=1.000000
saturation=1.000000

[StageDepth.fx]
Stage_depth=0.905000
Stage_Opacity=1.000000

