Techniques=AdaptiveSharpen@AdaptiveSharpen.fx,Vibrance@Vibrance.fx,Monocular_Cues@Depth_Cues.fx,prod80_04_Magical_Rectangle@PD80_04_Magical_Rectangle.fx,Deband@Deband.fx,Chromakey@Chromakey.fx,FXAA@FXAA.fx,CMAA_2@CMAA_2.fx,SunsetFilter@SunsetFilter.fx

[AdaptiveSharpen.fx]
curveslope=0.500000
curve_height=1.000000
D_compr_high=0.500000
D_compr_low=0.250000
D_overshoot=0.009000
L_compr_high=0.334000
L_compr_low=0.167000
L_overshoot=0.003000
pm_p=0.700000
scale_cs=0.056000
scale_lim=0.100000

[Chromakey.fx]
AntiAliased=0
Color=1
CustomColor=1.000000,0.000000,0.000000
Floor=0
FloorAngle=1.000000
FOV=90
Pass=0
Precision=4
RadialX=0
RadialY=0
Threshold=0.587000

[CMAA_2.fx]
DebugEdges=0
UIHELP=0

[Deband.fx]
banding_depth=1.000000
debug_output=0
enable_depthbuffer=0
enable_sdeviation=1
enable_weber=1
iterations=1
range=24.000000
t1=0.007000
t2=0.040000

[Depth_Cues.fx]
Blur_Cues=0.500000
Debug_View=0
DEPTH_DEBUG=0
Depth_Map=0
Depth_Map_Adjust=250.000000
Depth_Map_Flip=0
No_Depth_Map=1
Shade_Power=0.500000
Spread=10.000000

[FXAA.fx]
EdgeThreshold=0.125000
EdgeThresholdMin=0.000000
Subpix=0.250000

[PD80_04_Magical_Rectangle.fx]
blendmode_1=0
center=0.500000,0.500000
depthpos=0.000000
depth_smoothing=0.002000
dither_strength=0.000000
enable_gradient=0
gradient_curve=0.250000
gradient_type=0
intensity_boost=1.000000
invert_shape=0
mr_brightness=0.000000
mr_contrast=0.000000
mr_exposure=0.000000
mr_hue=0.000000
mr_saturation=0.000000
mr_vibrance=0.000000
opacity=1.000000
reccolor=0.058823,1.000000,0.000000
ret_size_x=0.125000
ret_size_y=0.125000
rotation=139
shape=1
smoothing=0.010000

[SunsetFilter.fx]
Axis=-7
ColorA=0.970588,1.000000,0.000000
ColorB=0.000000,0.000000,0.000000
Flip=1
Offset=0.000000
Scale=1.000000

[Vibrance.fx]
Vibrance=0.150000
VibranceRGBBalance=1.000000,1.000000,1.000000

